0 0 0.130071808761038
0 1 0.132971029336028
1 0 0.0782068683871982
0.353553390593274 0.646446609406726 0.169575052910778
0 0.5 0.160761706403954
0.176776695296637 0.823223304703363 0.169448386994621
0 0.75 0.155170952243876
0.0883883476483185 0.911611652351682 0.154354193395225
0 0.875 0.146883672708843
0.0776650429449554 0.8125 0.161449990448153
0.145526695296637 0.648667478527522 0.175059245734371
0.265165042944955 0.734834957055045 0.176465955231356
0.646446609406726 0.353553390593274 0.144234176377643
0.5 0 0.145747712328365
0 0.625 0.158796822870641
0.246938132923542 0.403838610428895 0.178991338063721
0.143988786489915 0.504613025370363 0.176197314582468
0.0824446183523586 0.577305499692623 0.170019494138078
0.248771088541595 0.575529817388544 0.177720967573144
0 0.25 0.153433570788057
0.5 0.5 0.155136471789414
0 0.375 0.158763868169604
0.426776695296637 0.573223304703363 0.160590360900056
0.374908344149642 0.448131648853005 0.173453712377189
0.124381145272546 0.381609392210241 0.173604372897499
0.25 0 0.150893373752904
0.220306262386532 0.201705777432923 0.1713688840966
0.201200171874857 0.307043935341383 0.175844440436822
0.357096575975901 0.292582410944053 0.175770297506551
0.112498881537117 0.236553619844867 0.167217284249872
0.125 0 0.144661946474876
0 0.125 0.146056183873891
0.134064325143095 0.119086153630371 0.159804881761929
0.289027857774359 0.489244653049342 0.17818020008479
0.486161456786052 0.356597758413849 0.165733237959316
0.573223304703363 0.426776695296637 0.150025526219339
0.494167589637196 0.178341057195821 0.163413888624406
0.45083660375081 0.265703053183602 0.169311259888733
0.564759196634626 0.273740347408414 0.159000390483721
0.373508421017102 0.172921831286892 0.169553399521088
0.823223304703363 0.176776695296637 0.12136572894619
0.75 0 0.121329879958132
0.375 0 0.15099235345203
0.734834957055045 0.265165042944955 0.136218378960562
0.437808333906973 0.0872320023947081 0.159842501334918
0.6875 0.129441738241592 0.141258516855204
0.596530371669669 0.176413857274132 0.153924237577178
0.625 0 0.136020226843755
0.3125 0.0859282397990224 0.162846044195873
0.776468447268458 0.0925898007597215 0.125829457598846
0.911611652351682 0.0883883476483185 0.102690933798035
0.875 0 0.102688334916447
0.5625 0.0804179038787848 0.1507789473032
